image_width: 640
image_height: 480
camera_name: narrow_stereo
camera_matrix:
  rows: 3
  cols: 3
  data: [394.578123, 0.000000, 314.872531, 0.000000, 394.075126, 251.119213, 0.000000, 0.000000, 1.000000]
distortion_model: plumb_bob
distortion_coefficients:
  rows: 1
  cols: 5
  data: [-0.337175, 0.104222, -0.000546, 0.000150, 0.000000]
rectification_matrix:
  rows: 3
  cols: 3
  data: [1.000000, 0.000000, 0.000000, 0.000000, 1.000000, 0.000000, 0.000000, 0.000000, 1.000000]
projection_matrix:
  rows: 3
  cols: 4
  data: [295.216675, 0.000000, 313.036151, 0.000000, 0.000000, 336.966034, 254.825630, 0.000000, 0.000000, 0.000000, 1.000000, 0.000000]
